X Y Tilt_Depth
7406.9797 800.0000 295.1388
7450.0000 788.7368 297.0528
7500.0000 784.2602 298.6734
7550.0000 787.9673 301.2474
7598.8568 800.0000 302.5338
7600.0000 800.2748 302.5043
7650.0000 821.2404 302.1107
7693.7550 850.0000 303.4235
7700.0000 854.6700 303.6334
7745.8310 900.0000 303.2705
7750.0000 905.3008 303.1801
7780.7835 950.0000 303.2881
7800.0000 990.0437 304.6111
7804.6882 1000.0000 304.5340
7821.8105 1050.0000 306.3170
7832.8910 1100.0000 307.5772
7839.5899 1150.0000 309.6296
7843.1355 1200.0000 311.3745
7844.4481 1250.0000 312.6718
7844.2321 1300.0000 314.2632
7843.0254 1350.0000 315.1704
7841.2300 1400.0000 315.7264
7839.1339 1450.0000 315.9517
7836.9334 1500.0000 315.8354
7834.7543 1550.0000 315.4038
7832.6718 1600.0000 314.7017
7830.7259 1650.0000 313.7787
7828.9341 1700.0000 312.6123
7827.2993 1750.0000 311.3451
7825.8165 1800.0000 310.0241
7824.4759 1850.0000 308.6769
7823.2658 1900.0000 307.3261
7822.1738 1950.0000 305.7864
7821.1879 2000.0000 304.7163
7820.2967 2050.0000 303.5363
7819.4901 2100.0000 302.3918
7818.7585 2150.0000 301.2887
7818.0938 2200.0000 300.2310
7817.4884 2250.0000 299.2205
7816.9359 2300.0000 298.2584
7816.4307 2350.0000 297.3443
7815.9676 2400.0000 296.4780
7815.5422 2450.0000 295.6575
7815.1508 2500.0000 294.8816
7814.7897 2550.0000 294.1484
7814.4562 2600.0000 293.4558
7814.1474 2650.0000 292.8020
7813.8611 2700.0000 292.1846
7813.5953 2750.0000 291.6020
7813.3479 2800.0000 291.0520
7813.1175 2850.0000 290.5327
7812.9026 2900.0000 290.0425
7812.7018 2950.0000 289.5796
7812.5141 3000.0000 289.1422
7812.3383 3050.0000 288.7291
7812.1736 3100.0000 288.3386
7812.0191 3150.0000 287.9697
7811.8741 3200.0000 287.6208
7811.7379 3250.0000 287.2911
7811.6098 3300.0000 286.9792
7811.4894 3350.0000 286.6843
7811.3760 3400.0000 286.4055
7811.2694 3450.0000 286.1418
7811.1689 3500.0000 285.8925
7811.0744 3550.0000 285.6568
7810.9853 3600.0000 285.4341
7810.9015 3650.0000 285.2237
7810.8225 3700.0000 285.0251
7810.7483 3750.0000 284.8375
7810.6784 3800.0000 284.6608
7810.6127 3850.0000 284.4941
7810.5511 3900.0000 284.3373
7810.4932 3950.0000 284.1898
7810.4389 4000.0000 284.0513
7810.3882 4050.0000 283.9214
7810.3407 4100.0000 283.8000
7810.2966 4150.0000 283.6865
7810.2554 4200.0000 283.5808
7810.2173 4250.0000 283.4827
7810.1820 4300.0000 283.3918
7810.1495 4350.0000 283.3080
7810.1198 4400.0000 283.2313
7810.0926 4450.0000 283.1611
7810.0681 4500.0000 283.0976
7810.0460 4550.0000 283.0404
7810.0264 4600.0000 282.9899
7810.0093 4650.0000 282.9452
7809.9944 4700.0000 282.9068
7809.9819 4750.0000 282.8743
7809.9718 4800.0000 282.8480
7809.9639 4850.0000 282.8276
7809.9583 4900.0000 282.8129
7809.9549 4950.0000 282.8041
7809.9537 5000.0000 282.8011
7809.9548 5050.0000 282.8040
7809.9582 5100.0000 282.8126
7809.9638 5150.0000 282.8272
7809.9716 5200.0000 282.8476
7809.9817 5250.0000 282.8740
7809.9942 5300.0000 282.9061
7810.0090 5350.0000 282.9444
7810.0262 5400.0000 282.9889
7810.0457 5450.0000 283.0395
7810.0677 5500.0000 283.0965
7810.0922 5550.0000 283.1599
7810.1193 5600.0000 283.2298
7810.1490 5650.0000 283.3065
7810.1815 5700.0000 283.3902
7810.2167 5750.0000 283.4809
7810.2548 5800.0000 283.5789
7810.2959 5850.0000 283.6845
7810.3401 5900.0000 283.7978
7810.3874 5950.0000 283.9191
7810.4382 6000.0000 284.0488
7810.4924 6050.0000 284.1873
7810.5502 6100.0000 284.3345
7810.6118 6150.0000 284.4912
7810.6774 6200.0000 284.6577
7810.7472 6250.0000 284.8343
7810.8215 6300.0000 285.0216
7810.9003 6350.0000 285.2201
7810.9841 6400.0000 285.4303
7811.0731 6450.0000 285.6528
7811.1676 6500.0000 285.8882
7811.2679 6550.0000 286.1373
7811.3745 6600.0000 286.4008
7811.4877 6650.0000 286.6793
7811.6081 6700.0000 286.9739
7811.7361 6750.0000 287.2855
7811.8722 6800.0000 287.6150
7812.0171 6850.0000 287.9635
7812.1715 6900.0000 288.3322
7812.3361 6950.0000 288.7223
7812.5117 7000.0000 289.1351
7812.6993 7050.0000 289.5721
7812.8999 7100.0000 290.0346
7813.1147 7150.0000 290.5245
7813.3450 7200.0000 291.0433
7813.5921 7250.0000 291.5929
7813.8578 7300.0000 292.1751
7814.1439 7350.0000 292.7917
7814.4524 7400.0000 293.4451
7814.7857 7450.0000 294.1371
7815.1465 7500.0000 294.8698
7815.5376 7550.0000 295.6450
7815.9626 7600.0000 296.4647
7816.4254 7650.0000 297.3306
7816.9302 7700.0000 298.2439
7817.4822 7750.0000 299.2052
7818.0871 7800.0000 300.2149
7818.7513 7850.0000 301.2720
7819.4822 7900.0000 302.3743
7820.2882 7950.0000 303.5180
7821.1785 8000.0000 304.6974
7822.1635 8050.0000 305.7525
7823.2546 8100.0000 307.3044
7824.4636 8150.0000 308.6548
7825.8030 8200.0000 310.0012
7827.2846 8250.0000 311.3220
7828.9180 8300.0000 312.5893
7830.7085 8350.0000 313.7557
7832.6531 8400.0000 314.6795
7834.7345 8450.0000 315.3826
7836.9129 8500.0000 315.8159
7839.1135 8550.0000 315.9338
7841.2110 8600.0000 315.7105
7843.0096 8650.0000 315.1558
7844.2223 8700.0000 314.2533
7844.4480 8750.0000 312.6607
7843.1499 8800.0000 311.3567
7839.6252 8850.0000 309.6182
7832.9555 8900.0000 307.5607
7821.9154 8950.0000 306.2804
7804.8489 9000.0000 304.5315
7800.0000 9010.3198 304.6150
7781.0060 9050.0000 303.2638
7750.0000 9095.1044 303.1313
7746.1582 9100.0000 303.2210
7700.0000 9145.7239 303.6102
7694.2922 9150.0000 303.4153
7650.0000 9179.1509 302.0858
7600.2795 9200.0000 302.4801
7600.0000 9200.1142 302.4869
7550.0000 9212.4373 301.2198
7500.0000 9216.1422 298.6488
7450.0000 9211.6689 297.0382
7405.4729 9200.0000 294.9334
7400.0000 9198.6033 294.3048
7350.0000 9176.6318 289.4366
7310.5732 9150.0000 286.8591
7300.0000 9141.8952 286.5107
7258.5223 9100.0000 281.5574
7250.0000 9088.9731 280.8502
7223.6736 9050.0000 277.8269
7200.0075 9000.0000 275.8904
7200.0000 8999.9777 275.8898
7182.8751 8950.0000 274.4169
7171.7238 8900.0000 273.5318
7164.9539 8850.0000 273.8343
7161.3548 8800.0000 273.9285
7160.0055 8750.0000 274.2190
7160.1968 8700.0000 274.4533
7161.3862 8650.0000 274.7702
7163.1687 8600.0000 274.9468
7165.2553 8550.0000 274.8923
7167.4494 8500.0000 274.5904
7169.6253 8450.0000 274.0606
7171.7076 8400.0000 273.3402
7173.6565 8350.0000 272.4703
7175.4544 8300.0000 271.4913
7177.0979 8250.0000 270.4391
7178.5919 8200.0000 269.3441
7179.9459 8150.0000 268.2308
7181.1711 8100.0000 267.1185
7182.2797 8050.0000 266.0221
7183.2833 8000.0000 264.9523
7184.1930 7950.0000 263.9169
7185.0190 7900.0000 262.9208
7185.7702 7850.0000 261.9675
7186.4549 7800.0000 261.0585
7187.0802 7750.0000 260.1941
7187.6525 7700.0000 259.3744
7188.1775 7650.0000 258.5981
7188.6601 7600.0000 257.8641
7189.1045 7550.0000 257.1706
7189.5146 7500.0000 256.5159
7189.8938 7450.0000 255.9093
7190.2450 7400.0000 255.3757
7190.5709 7350.0000 254.8726
7190.8738 7300.0000 254.3984
7191.1557 7250.0000 253.9514
7191.4184 7200.0000 253.5299
7191.6636 7150.0000 253.1325
7191.8928 7100.0000 252.7576
7192.1073 7050.0000 252.4040
7192.3081 7000.0000 252.0702
7192.4964 6950.0000 251.7552
7192.6730 6900.0000 251.4579
7192.8390 6850.0000 251.1771
7192.9949 6800.0000 250.9120
7193.1415 6750.0000 250.6616
7193.2795 6700.0000 250.4251
7193.4094 6650.0000 250.2016
7193.5317 6600.0000 249.9906
7193.6468 6550.0000 249.7913
7193.7553 6500.0000 249.6030
7193.8576 6450.0000 249.4252
7193.9539 6400.0000 249.2574
7194.0446 6350.0000 249.0990
7194.1300 6300.0000 248.9497
7194.2105 6250.0000 248.8089
7194.2861 6200.0000 248.6762
7194.3573 6150.0000 248.5513
7194.4241 6100.0000 248.4339
7194.4868 6050.0000 248.3237
7194.5456 6000.0000 248.2202
7194.6006 5950.0000 248.1233
7194.6520 5900.0000 248.0327
7194.6999 5850.0000 247.9482
7194.7445 5800.0000 247.8696
7194.7858 5750.0000 247.7966
7194.8240 5700.0000 247.7292
7194.8593 5650.0000 247.6670
7194.8915 5600.0000 247.6101
7194.9209 5550.0000 247.5581
7194.9475 5500.0000 247.5111
7194.9714 5450.0000 247.4689
7194.9926 5400.0000 247.4314
7195.0112 5350.0000 247.3984
7195.0273 5300.0000 247.3701
7195.0407 5250.0000 247.3462
7195.0518 5200.0000 247.3268
7195.0603 5150.0000 247.3116
7195.0664 5100.0000 247.3009
7195.0700 5050.0000 247.2945
7195.0712 5000.0000 247.2924
7195.0700 4950.0000 247.2945
7195.0663 4900.0000 247.3010
7195.0602 4850.0000 247.3118
7195.0516 4800.0000 247.3269
7195.0406 4750.0000 247.3465
7195.0271 4700.0000 247.3704
7195.0110 4650.0000 247.3988
7194.9923 4600.0000 247.4317
7194.9711 4550.0000 247.4693
7194.9472 4500.0000 247.5116
7194.9205 4450.0000 247.5587
7194.8911 4400.0000 247.6107
7194.8588 4350.0000 247.6677
7194.8236 4300.0000 247.7300
7194.7853 4250.0000 247.7974
7194.7439 4200.0000 247.8705
7194.6993 4150.0000 247.9492
7194.6513 4100.0000 248.0337
7194.5999 4050.0000 248.1243
7194.5449 4000.0000 248.2213
7194.4860 3950.0000 248.3248
7194.4233 3900.0000 248.4352
7194.3564 3850.0000 248.5527
7194.2852 3800.0000 248.6777
7194.2095 3750.0000 248.8104
7194.1290 3700.0000 248.9513
7194.0435 3650.0000 249.1007
7193.9527 3600.0000 249.2592
7193.8564 3550.0000 249.4271
7193.7541 3500.0000 249.6050
7193.6455 3450.0000 249.7934
7193.5303 3400.0000 249.9928
7193.4079 3350.0000 250.2040
7193.2780 3300.0000 250.4276
7193.1399 3250.0000 250.6642
7192.9932 3200.0000 250.9148
7192.8371 3150.0000 251.1801
7192.6711 3100.0000 251.4609
7192.4943 3050.0000 251.7585
7192.3059 3000.0000 252.0736
7192.1050 2950.0000 252.4075
7191.8904 2900.0000 252.7613
7191.6611 2850.0000 253.1364
7191.4157 2800.0000 253.5341
7191.1528 2750.0000 253.9558
7190.8707 2700.0000 254.4031
7190.5677 2650.0000 254.8775
7190.2415 2600.0000 255.3809
7189.8901 2550.0000 255.9148
7189.5106 2500.0000 256.5222
7189.1002 2450.0000 257.1773
7188.6555 2400.0000 257.8711
7188.1726 2350.0000 258.6055
7187.6473 2300.0000 259.3821
7187.0744 2250.0000 260.2024
7186.4487 2200.0000 261.0670
7185.7634 2150.0000 261.9764
7185.0116 2100.0000 262.9303
7184.1850 2050.0000 263.9266
7183.2746 2000.0000 264.9624
7182.2701 1950.0000 266.0325
7181.1606 1900.0000 267.1291
7179.9343 1850.0000 268.2415
7178.5792 1800.0000 269.3548
7177.0840 1750.0000 270.4497
7175.4393 1700.0000 271.5015
7173.6401 1650.0000 272.4797
7171.6901 1600.0000 273.3487
7169.6067 1550.0000 274.0679
7167.4303 1500.0000 274.5959
7165.2364 1450.0000 274.8962
7163.1513 1400.0000 274.9485
7161.3721 1350.0000 274.7706
7160.1889 1300.0000 274.4532
7160.0075 1250.0000 274.2212
7161.3716 1200.0000 273.9316
7164.9920 1150.0000 273.8296
7171.7914 1100.0000 273.5307
7182.9835 1050.0000 274.4516
7200.0000 1000.4686 275.8786
7200.1582 1000.0000 275.8906
7223.9001 950.0000 277.8634
7250.0000 911.4311 280.8834
7258.8537 900.0000 281.6092
7300.0000 858.5008 286.5197
7311.1093 850.0000 286.8954
7350.0000 823.7623 289.4453
7400.0000 801.7791 294.3175
7406.9797 800.0000 295.1388
4863.4829 900.0000 207.3390
4900.0000 878.0080 209.5717
4950.0000 862.1941 212.0100
5000.0000 857.4066 211.2935
5050.0000 862.1008 211.9527
5100.0000 877.7925 209.1579
5137.0113 900.0000 206.7506
5150.0000 908.9214 206.6810
5189.2160 950.0000 204.3296
5200.0000 967.3143 204.2864
5218.1031 1000.0000 204.4025
5234.1044 1050.0000 202.6438
5241.8719 1100.0000 203.6648
5244.7298 1150.0000 204.1212
5244.7637 1200.0000 204.8064
5243.3188 1250.0000 205.2845
5241.2386 1300.0000 205.4470
5239.0092 1350.0000 205.1691
5236.8785 1400.0000 204.4910
5234.9527 1450.0000 203.5077
5233.2615 1500.0000 202.3206
5231.7975 1550.0000 201.0169
5230.5380 1600.0000 199.6647
5229.4559 1650.0000 198.3136
5228.5249 1700.0000 197.0432
5227.7212 1750.0000 195.9664
5227.0244 1800.0000 194.9490
5226.4175 1850.0000 193.9960
5225.8861 1900.0000 193.1084
5225.4185 1950.0000 192.2848
5225.0049 2000.0000 191.5226
5224.6374 2050.0000 190.8181
5224.3093 2100.0000 190.1671
5224.0150 2150.0000 189.5658
5223.7500 2200.0000 189.0099
5223.5103 2250.0000 188.4958
5223.2928 2300.0000 188.0198
5223.0947 2350.0000 187.5786
5222.9137 2400.0000 187.1692
5222.7477 2450.0000 186.7889
5222.5952 2500.0000 186.4351
5222.4547 2550.0000 186.1057
5222.3248 2600.0000 185.7985
5222.2045 2650.0000 185.5118
5222.0929 2700.0000 185.2439
5221.9892 2750.0000 184.9932
5221.8925 2800.0000 184.7585
5221.8023 2850.0000 184.5384
5221.7181 2900.0000 184.3320
5221.6392 2950.0000 184.1381
5221.5654 3000.0000 183.9560
5221.4961 3050.0000 183.7847
5221.4311 3100.0000 183.6235
5221.3699 3150.0000 183.4717
5221.3125 3200.0000 183.3288
5221.2584 3250.0000 183.1941
5221.2074 3300.0000 183.0671
5221.1594 3350.0000 182.9473
5221.1142 3400.0000 182.8343
5221.0715 3450.0000 182.7278
5221.0313 3500.0000 182.6273
5220.9934 3550.0000 182.5324
5220.9576 3600.0000 182.4430
5220.9239 3650.0000 182.3587
5220.8921 3700.0000 182.2792
5220.8622 3750.0000 182.2043
5220.8340 3800.0000 182.1338
5220.8074 3850.0000 182.0674
5220.7825 3900.0000 182.0051
5220.7590 3950.0000 181.9465
5220.7371 4000.0000 181.8916
5220.7165 4050.0000 181.8401
5220.6972 4100.0000 181.7921
5220.6793 4150.0000 181.7473
5220.6626 4200.0000 181.7055
5220.6470 4250.0000 181.6669
5220.6327 4300.0000 181.6310
5220.6195 4350.0000 181.5981
5220.6074 4400.0000 181.5679
5220.5963 4450.0000 181.5403
5220.5863 4500.0000 181.5154
5220.5773 4550.0000 181.4930
5220.5693 4600.0000 181.4731
5220.5623 4650.0000 181.4556
5220.5563 4700.0000 181.4406
5220.5512 4750.0000 181.4279
5220.5470 4800.0000 181.4175
5220.5438 4850.0000 181.4095
5220.5415 4900.0000 181.4038
5220.5401 4950.0000 181.4004
5220.5397 5000.0000 181.3992
5220.5401 5050.0000 181.4004
5220.5415 5100.0000 181.4038
5220.5438 5150.0000 181.4095
5220.5470 5200.0000 181.4175
5220.5512 5250.0000 181.4278
5220.5562 5300.0000 181.4404
5220.5623 5350.0000 181.4555
5220.5693 5400.0000 181.4729
5220.5772 5450.0000 181.4928
5220.5862 5500.0000 181.5152
5220.5962 5550.0000 181.5401
5220.6073 5600.0000 181.5676
5220.6194 5650.0000 181.5978
5220.6326 5700.0000 181.6307
5220.6469 5750.0000 181.6665
5220.6624 5800.0000 181.7052
5220.6791 5850.0000 181.7469
5220.6971 5900.0000 181.7917
5220.7163 5950.0000 181.8397
5220.7369 6000.0000 181.8911
5220.7588 6050.0000 181.9460
5220.7823 6100.0000 182.0045
5220.8072 6150.0000 182.0669
5220.8337 6200.0000 182.1332
5220.8619 6250.0000 182.2036
5220.8918 6300.0000 182.2785
5220.9236 6350.0000 182.3579
5220.9573 6400.0000 182.4422
5220.9931 6450.0000 182.5316
5221.0310 6500.0000 182.6264
5221.0712 6550.0000 182.7269
5221.1138 6600.0000 182.8334
5221.1590 6650.0000 182.9463
5221.2070 6700.0000 183.0660
5221.2579 6750.0000 183.1929
5221.3120 6800.0000 183.3276
5221.3694 6850.0000 183.4705
5221.4305 6900.0000 183.6221
5221.4955 6950.0000 183.7832
5221.5648 7000.0000 183.9544
5221.6386 7050.0000 184.1365
5221.7174 7100.0000 184.3303
5221.8016 7150.0000 184.5366
5221.8917 7200.0000 184.7565
5221.9883 7250.0000 184.9911
5222.0920 7300.0000 185.2416
5222.2036 7350.0000 185.5095
5222.3238 7400.0000 185.7960
5222.4535 7450.0000 186.1030
5222.5940 7500.0000 186.4322
5222.7464 7550.0000 186.7858
5222.9122 7600.0000 187.1659
5223.0931 7650.0000 187.5750
5223.2911 7700.0000 188.0159
5223.5084 7750.0000 188.4916
5223.7479 7800.0000 189.0055
5224.0127 7850.0000 189.5610
5224.3068 7900.0000 190.1620
5224.6346 7950.0000 190.8125
5225.0018 8000.0000 191.5166
5225.4149 8050.0000 192.2783
5225.8820 8100.0000 193.1013
5226.4129 8150.0000 193.9884
5227.0192 8200.0000 194.9409
5227.7152 8250.0000 195.9578
5228.5180 8300.0000 197.0341
5229.4479 8350.0000 198.3026
5230.5286 8400.0000 199.6536
5231.7866 8450.0000 201.0058
5233.2488 8500.0000 202.3102
5234.9382 8550.0000 203.4986
5236.8622 8600.0000 204.4839
5238.9915 8650.0000 205.1648
5241.2209 8700.0000 205.4462
5243.3037 8750.0000 205.2870
5244.7565 8800.0000 204.8101
5244.7390 8850.0000 204.1304
5241.9108 8900.0000 203.6646
5234.1936 8950.0000 202.6597
5218.2760 9000.0000 204.3465
5200.0000 9033.0959 204.2692
5189.5121 9050.0000 204.3192
5150.0000 9091.4762 206.6677
5137.6232 9100.0000 206.7239
5100.0000 9122.6090 209.1672
5050.0000 9138.2830 211.8903
5000.0000 9142.9707 211.2913
4950.0000 9138.1898 211.9503
4900.0000 9122.3936 209.5838
4862.8725 9100.0000 207.3124
4850.0000 9091.0887 207.2056
4810.9526 9050.0000 205.3017
4800.0000 9032.2832 205.3336
4782.1965 9000.0000 205.6383
4766.2559 8950.0000 204.1394
4758.5258 8900.0000 205.6508
4755.6911 8850.0000 206.0666
4755.6710 8800.0000 206.9078
4757.1238 8750.0000 207.4448
4759.2081 8700.0000 207.6582
4761.4398 8650.0000 207.4236
4763.5719 8600.0000 206.7816
4765.4987 8550.0000 205.8273
4767.1909 8500.0000 204.6628
4768.6559 8450.0000 203.3761
4769.9163 8400.0000 202.0364
4770.9994 8350.0000 200.6942
4771.9314 8300.0000 199.3843
4772.7361 8250.0000 197.9448
4773.4339 8200.0000 197.0791
4774.0418 8150.0000 196.1370
4774.5742 8100.0000 195.2597
4775.0427 8050.0000 194.4459
4775.4571 8000.0000 193.6930
4775.8254 7950.0000 192.9973
4776.1544 7900.0000 192.3550
4776.4494 7850.0000 191.7619
4776.7152 7800.0000 191.2140
4776.9555 7750.0000 190.7076
4777.1736 7700.0000 190.2391
4777.3723 7650.0000 189.8051
4777.5539 7600.0000 189.4027
4777.7204 7550.0000 189.0291
4777.8734 7500.0000 188.6818
4778.0145 7450.0000 188.3585
4778.1448 7400.0000 188.0573
4778.2654 7350.0000 187.7762
4778.3774 7300.0000 187.5137
4778.4816 7250.0000 187.2682
4778.5785 7200.0000 187.0384
4778.6690 7150.0000 186.8230
4778.7536 7100.0000 186.6211
4778.8327 7050.0000 186.4315
4778.9068 7000.0000 186.2533
4778.9763 6950.0000 186.0858
4779.0416 6900.0000 185.9283
4779.1029 6850.0000 185.7799
4779.1606 6800.0000 185.6402
4779.2149 6750.0000 185.5085
4779.2660 6700.0000 185.3844
4779.3141 6650.0000 185.2674
4779.3595 6600.0000 185.1569
4779.4023 6550.0000 185.0528
4779.4426 6500.0000 184.9546
4779.4807 6450.0000 184.8619
4779.5166 6400.0000 184.7745
4779.5504 6350.0000 184.6920
4779.5823 6300.0000 184.6143
4779.6123 6250.0000 184.5410
4779.6406 6200.0000 184.4721
4779.6672 6150.0000 184.4072
4779.6922 6100.0000 184.3462
4779.7157 6050.0000 184.2889
4779.7377 6000.0000 184.2351
4779.7584 5950.0000 184.1848
4779.7777 5900.0000 184.1378
4779.7957 5850.0000 184.0939
4779.8124 5800.0000 184.0531
4779.8280 5750.0000 184.0152
4779.8423 5700.0000 183.9801
4779.8556 5650.0000 183.9478
4779.8677 5600.0000 183.9183
4779.8788 5550.0000 183.8913
4779.8888 5500.0000 183.8668
4779.8978 5450.0000 183.8449
4779.9058 5400.0000 183.8254
4779.9129 5350.0000 183.8083
4779.9189 5300.0000 183.7936
4779.9240 5250.0000 183.7812
4779.9282 5200.0000 183.7710
4779.9314 5150.0000 183.7632
4779.9337 5100.0000 183.7576
4779.9350 5050.0000 183.7542
4779.9355 5000.0000 183.7531
4779.9350 4950.0000 183.7543
4779.9337 4900.0000 183.7576
4779.9314 4850.0000 183.7632
4779.9281 4800.0000 183.7711
4779.9240 4750.0000 183.7812
4779.9189 4700.0000 183.7937
4779.9128 4650.0000 183.8084
4779.9058 4600.0000 183.8255
4779.8978 4550.0000 183.8451
4779.8888 4500.0000 183.8670
4779.8787 4450.0000 183.8915
4779.8676 4400.0000 183.9185
4779.8555 4350.0000 183.9481
4779.8422 4300.0000 183.9804
4779.8278 4250.0000 184.0154
4779.8123 4200.0000 184.0534
4779.7955 4150.0000 184.0942
4779.7775 4100.0000 184.1381
4779.7582 4050.0000 184.1852
4779.7376 4000.0000 184.2355
4779.7155 3950.0000 184.2893
4779.6920 3900.0000 184.3466
4779.6670 3850.0000 184.4077
4779.6403 3800.0000 184.4726
4779.6121 3750.0000 184.5416
4779.5820 3700.0000 184.6149
4779.5501 3650.0000 184.6926
4779.5163 3600.0000 184.7751
4779.4804 3550.0000 184.8626
4779.4423 3500.0000 184.9553
4779.4020 3450.0000 185.0536
4779.3592 3400.0000 185.1578
4779.3137 3350.0000 185.2683
4779.2656 3300.0000 185.3854
4779.2144 3250.0000 185.5095
4779.1601 3200.0000 185.6413
4779.1024 3150.0000 185.7811
4779.0411 3100.0000 185.9295
4778.9758 3050.0000 186.0871
4778.9062 3000.0000 186.2547
4778.8321 2950.0000 186.4329
4778.7529 2900.0000 186.6226
4778.6683 2850.0000 186.8247
4778.5778 2800.0000 187.0401
4778.4807 2750.0000 187.2701
4778.3766 2700.0000 187.5157
4778.2645 2650.0000 187.7784
4778.1438 2600.0000 188.0596
4778.0134 2550.0000 188.3610
4777.8722 2500.0000 188.6844
4777.7191 2450.0000 189.0320
4777.5525 2400.0000 189.4058
4777.3708 2350.0000 189.8085
4777.1720 2300.0000 190.2427
4776.9537 2250.0000 190.7115
4776.7131 2200.0000 191.2182
4776.4472 2150.0000 191.7664
4776.1519 2100.0000 192.3599
4775.8226 2050.0000 193.0026
4775.4540 2000.0000 193.6987
4775.0392 1950.0000 194.4521
4774.5702 1900.0000 195.2664
4774.0373 1850.0000 196.1443
4773.4287 1800.0000 197.0868
4772.7301 1750.0000 197.9529
4771.9245 1700.0000 199.3945
4770.9913 1650.0000 200.7048
4769.9070 1600.0000 202.0471
4768.6450 1550.0000 203.3866
4767.1783 1500.0000 204.6726
4765.4842 1450.0000 205.8358
4763.5555 1400.0000 206.7880
4761.4221 1350.0000 207.4271
4759.1903 1300.0000 207.6581
4757.1088 1250.0000 207.4414
4755.6639 1200.0000 206.9030
4755.7004 1150.0000 206.0563
4758.5648 1100.0000 205.6575
4766.3453 1050.0000 204.1231
4782.3697 1000.0000 205.6892
4800.0000 968.1256 205.3632
4811.2487 950.0000 205.3097
4850.0000 909.3091 207.2163
4863.4829 900.0000 207.3390
2419.8358 950.0000 118.0919
2450.0000 938.3639 121.9978
2500.0000 934.0454 121.6826
2550.0000 938.3272 121.4119
2580.4176 950.0000 117.4380
2600.0000 956.8450 114.9457
2640.9564 1000.0000 113.1180
2650.0000 1032.4612 114.0093
2655.4602 1050.0000 114.8545
2657.2082 1100.0000 114.0502
2654.3661 1150.0000 114.1902
2650.9167 1200.0000 113.7747
2650.0000 1215.9582 114.7165
2648.7760 1250.0000 112.6249
2647.4223 1300.0000 110.9150
2646.4240 1350.0000 109.9083
2645.6792 1400.0000 108.8906
2645.1179 1450.0000 107.9792
2644.6857 1500.0000 107.1882
2644.3488 1550.0000 106.5087
2644.0808 1600.0000 105.9293
2643.8653 1650.0000 105.4343
2643.6890 1700.0000 105.0112
2643.5436 1750.0000 104.6473
2643.4217 1800.0000 104.3335
2643.3190 1850.0000 104.0610
2643.2313 1900.0000 103.8233
2643.1560 1950.0000 103.6147
2643.0907 2000.0000 103.4309
2643.0338 2050.0000 103.2679
2642.9837 2100.0000 103.1229
2642.9395 2150.0000 102.9931
2642.9002 2200.0000 102.8765
2642.8652 2250.0000 102.7714
2642.8337 2300.0000 102.6762
2642.8054 2350.0000 102.5897
2642.7797 2400.0000 102.5110
2642.7565 2450.0000 102.4389
2642.7353 2500.0000 102.3729
2642.7159 2550.0000 102.3122
2642.6981 2600.0000 102.2562
2642.6818 2650.0000 102.2046
2642.6667 2700.0000 102.1568
2642.6528 2750.0000 102.1124
2642.6400 2800.0000 102.0713
2642.6280 2850.0000 102.0330
2642.6169 2900.0000 101.9973
2642.6066 2950.0000 101.9639
2642.5970 3000.0000 101.9328
2642.5880 3050.0000 101.9037
2642.5796 3100.0000 101.8764
2642.5718 3150.0000 101.8508
2642.5644 3200.0000 101.8268
2642.5575 3250.0000 101.8043
2642.5511 3300.0000 101.7831
2642.5450 3350.0000 101.7632
2642.5393 3400.0000 101.7445
2642.5339 3450.0000 101.7269
2642.5289 3500.0000 101.7103
2642.5242 3550.0000 101.6947
2642.5197 3600.0000 101.6801
2642.5155 3650.0000 101.6662
2642.5116 3700.0000 101.6532
2642.5079 3750.0000 101.6410
2642.5044 3800.0000 101.6295
2642.5011 3850.0000 101.6187
2642.4980 3900.0000 101.6086
2642.4951 3950.0000 101.5991
2642.4924 4000.0000 101.5902
2642.4899 4050.0000 101.5818
2642.4876 4100.0000 101.5741
2642.4854 4150.0000 101.5668
2642.4833 4200.0000 101.5601
2642.4815 4250.0000 101.5538
2642.4797 4300.0000 101.5480
2642.4781 4350.0000 101.5427
2642.4766 4400.0000 101.5378
2642.4753 4450.0000 101.5334
2642.4741 4500.0000 101.5294
2642.4730 4550.0000 101.5258
2642.4720 4600.0000 101.5226
2642.4712 4650.0000 101.5198
2642.4704 4700.0000 101.5174
2642.4698 4750.0000 101.5153
2642.4693 4800.0000 101.5137
2642.4689 4850.0000 101.5124
2642.4687 4900.0000 101.5114
2642.4685 4950.0000 101.5109
2642.4684 5000.0000 101.5107
2642.4685 5050.0000 101.5109
2642.4687 5100.0000 101.5114
2642.4689 5150.0000 101.5124
2642.4693 5200.0000 101.5136
2642.4698 5250.0000 101.5153
2642.4704 5300.0000 101.5173
2642.4712 5350.0000 101.5198
2642.4720 5400.0000 101.5226
2642.4730 5450.0000 101.5258
2642.4741 5500.0000 101.5294
2642.4753 5550.0000 101.5334
2642.4766 5600.0000 101.5378
2642.4781 5650.0000 101.5427
2642.4797 5700.0000 101.5480
2642.4814 5750.0000 101.5538
2642.4833 5800.0000 101.5600
2642.4854 5850.0000 101.5668
2642.4876 5900.0000 101.5740
2642.4899 5950.0000 101.5818
2642.4924 6000.0000 101.5901
2642.4951 6050.0000 101.5990
2642.4980 6100.0000 101.6085
2642.5011 6150.0000 101.6187
2642.5043 6200.0000 101.6295
2642.5078 6250.0000 101.6409
2642.5115 6300.0000 101.6532
2642.5155 6350.0000 101.6662
2642.5197 6400.0000 101.6800
2642.5241 6450.0000 101.6946
2642.5289 6500.0000 101.7102
2642.5339 6550.0000 101.7268
2642.5393 6600.0000 101.7444
2642.5450 6650.0000 101.7631
2642.5510 6700.0000 101.7830
2642.5575 6750.0000 101.8041
2642.5644 6800.0000 101.8267
2642.5717 6850.0000 101.8506
2642.5796 6900.0000 101.8762
2642.5880 6950.0000 101.9035
2642.5969 7000.0000 101.9326
2642.6066 7050.0000 101.9637
2642.6169 7100.0000 101.9970
2642.6280 7150.0000 102.0327
2642.6399 7200.0000 102.0710
2642.6527 7250.0000 102.1122
2642.6666 7300.0000 102.1565
2642.6817 7350.0000 102.2042
2642.6980 7400.0000 102.2559
2642.7158 7450.0000 102.3118
2642.7351 7500.0000 102.3724
2642.7563 7550.0000 102.4384
2642.7796 7600.0000 102.5104
2642.8052 7650.0000 102.5891
2642.8335 7700.0000 102.6756
2642.8650 7750.0000 102.7706
2642.9000 7800.0000 102.8757
2642.9392 7850.0000 102.9922
2642.9834 7900.0000 103.1219
2643.0334 7950.0000 103.2668
2643.0902 8000.0000 103.4296
2643.1555 8050.0000 103.6133
2643.2307 8100.0000 103.8216
2643.3183 8150.0000 104.0590
2643.4209 8200.0000 104.3313
2643.5425 8250.0000 104.6447
2643.6878 8300.0000 105.0081
2643.8638 8350.0000 105.4308
2644.0789 8400.0000 105.9251
2644.3464 8450.0000 106.5038
2644.6827 8500.0000 107.1824
2645.1140 8550.0000 107.9726
2645.6741 8600.0000 108.8830
2646.4172 8650.0000 109.9000
2647.4131 8700.0000 110.8998
2648.7635 8750.0000 112.6140
2650.0000 8784.4598 114.7057
2650.8910 8800.0000 113.7681
2654.3383 8850.0000 114.1905
2657.1953 8900.0000 114.0494
2655.5143 8950.0000 114.7894
2650.0000 8967.8788 113.9702
2641.1599 9000.0000 113.1715
2600.0000 9043.5315 114.9480
2581.5908 9050.0000 117.3797
2550.0000 9062.1350 121.4333
2500.0000 9066.4026 121.6568
2450.0000 9062.0984 122.0282
2418.6694 9050.0000 118.0326
2400.0000 9043.3826 115.7590
2359.1007 9000.0000 114.3648
2350.0000 8966.7082 115.1482
2344.8509 8950.0000 115.9316
2343.1772 8900.0000 115.4957
2346.0575 8850.0000 115.6011
2349.5283 8800.0000 115.1428
2350.0000 8791.8138 115.4877
2351.5018 8750.0000 113.9506
2352.8531 8700.0000 112.4089
2353.8496 8650.0000 110.8947
2354.5930 8600.0000 109.8646
2355.1532 8550.0000 108.9447
2355.5842 8500.0000 108.1482
2355.9201 8450.0000 107.4662
2356.1871 8400.0000 106.8866
2356.4016 8350.0000 106.3933
2356.5769 8300.0000 105.9733
2356.7214 8250.0000 105.6138
2356.8422 8200.0000 105.3052
2356.9440 8150.0000 105.0385
2357.0308 8100.0000 104.8073
2357.1052 8050.0000 104.6055
2357.1696 8000.0000 104.4286
2357.2256 7950.0000 104.2728
2357.2749 7900.0000 104.1350
2357.3182 7850.0000 104.0123
2357.3567 7800.0000 103.9030
2357.3910 7750.0000 103.8049
2357.4217 7700.0000 103.7166
2357.4493 7650.0000 103.6369
2357.4743 7600.0000 103.5648
2357.4968 7550.0000 103.4992
2357.5174 7500.0000 103.4394
2357.5362 7450.0000 103.3847
2357.5534 7400.0000 103.3346
2357.5691 7350.0000 103.2886
2357.5836 7300.0000 103.2462
2357.5970 7250.0000 103.2070
2357.6094 7200.0000 103.1708
2357.6208 7150.0000 103.1373
2357.6315 7100.0000 103.1062
2357.6414 7050.0000 103.0772
2357.6506 7000.0000 103.0503
2357.6591 6950.0000 103.0252
2357.6672 6900.0000 103.0017
2357.6746 6850.0000 102.9798
2357.6817 6800.0000 102.9593
2357.6882 6750.0000 102.9400
2357.6944 6700.0000 102.9220
2357.7002 6650.0000 102.9051
2357.7056 6600.0000 102.8893
2357.7107 6550.0000 102.8744
2357.7155 6500.0000 102.8604
2357.7200 6450.0000 102.8472
2357.7242 6400.0000 102.8348
2357.7282 6350.0000 102.8232
2357.7319 6300.0000 102.8123
2357.7354 6250.0000 102.8020
2357.7387 6200.0000 102.7924
2357.7418 6150.0000 102.7833
2357.7447 6100.0000 102.7748
2357.7475 6050.0000 102.7669
2357.7500 6000.0000 102.7594
2357.7524 5950.0000 102.7525
2357.7546 5900.0000 102.7460
2357.7567 5850.0000 102.7399
2357.7586 5800.0000 102.7343
2357.7604 5750.0000 102.7291
2357.7621 5700.0000 102.7242
2357.7636 5650.0000 102.7198
2357.7650 5600.0000 102.7158
2357.7663 5550.0000 102.7120
2357.7674 5500.0000 102.7087
2357.7685 5450.0000 102.7057
2357.7694 5400.0000 102.7030
2357.7702 5350.0000 102.7007
2357.7709 5300.0000 102.6987
2357.7714 5250.0000 102.6970
2357.7719 5200.0000 102.6956
2357.7723 5150.0000 102.6945
2357.7726 5100.0000 102.6937
2357.7727 5050.0000 102.6933
2357.7728 5000.0000 102.6931
2357.7727 4950.0000 102.6933
2357.7726 4900.0000 102.6938
2357.7723 4850.0000 102.6945
2357.7719 4800.0000 102.6956
2357.7714 4750.0000 102.6970
2357.7709 4700.0000 102.6987
2357.7702 4650.0000 102.7007
2357.7694 4600.0000 102.7030
2357.7684 4550.0000 102.7057
2357.7674 4500.0000 102.7087
2357.7663 4450.0000 102.7121
2357.7650 4400.0000 102.7158
2357.7636 4350.0000 102.7198
2357.7621 4300.0000 102.7243
2357.7604 4250.0000 102.7291
2357.7586 4200.0000 102.7343
2357.7567 4150.0000 102.7399
2357.7546 4100.0000 102.7460
2357.7524 4050.0000 102.7525
2357.7500 4000.0000 102.7595
2357.7475 3950.0000 102.7669
2357.7447 3900.0000 102.7749
2357.7418 3850.0000 102.7834
2357.7387 3800.0000 102.7924
2357.7354 3750.0000 102.8021
2357.7319 3700.0000 102.8123
2357.7282 3650.0000 102.8233
2357.7242 3600.0000 102.8349
2357.7199 3550.0000 102.8473
2357.7154 3500.0000 102.8604
2357.7107 3450.0000 102.8744
2357.7056 3400.0000 102.8893
2357.7001 3350.0000 102.9052
2357.6944 3300.0000 102.9221
2357.6882 3250.0000 102.9401
2357.6816 3200.0000 102.9594
2357.6746 3150.0000 102.9799
2357.6671 3100.0000 103.0018
2357.6591 3050.0000 103.0253
2357.6505 3000.0000 103.0504
2357.6413 2950.0000 103.0774
2357.6314 2900.0000 103.1064
2357.6208 2850.0000 103.1375
2357.6093 2800.0000 103.1710
2357.5969 2750.0000 103.2072
2357.5836 2700.0000 103.2464
2357.5690 2650.0000 103.2888
2357.5533 2600.0000 103.3349
2357.5361 2550.0000 103.3850
2357.5173 2500.0000 103.4397
2357.4967 2450.0000 103.4996
2357.4741 2400.0000 103.5652
2357.4491 2350.0000 103.6374
2357.4215 2300.0000 103.7172
2357.3907 2250.0000 103.8055
2357.3564 2200.0000 103.9037
2357.3179 2150.0000 104.0131
2357.2745 2100.0000 104.1359
2357.2253 2050.0000 104.2738
2357.1692 2000.0000 104.4298
2357.1046 1950.0000 104.6068
2357.0302 1900.0000 104.8088
2356.9433 1850.0000 105.0403
2356.8414 1800.0000 105.3073
2356.7204 1750.0000 105.6162
2356.5757 1700.0000 105.9762
2356.4001 1650.0000 106.3967
2356.1852 1600.0000 106.8906
2355.9178 1550.0000 107.4710
2355.5812 1500.0000 108.1539
2355.1493 1450.0000 108.9513
2354.5879 1400.0000 109.8722
2353.8428 1350.0000 110.9030
2352.8439 1300.0000 112.4214
2351.4893 1250.0000 113.9615
2350.0000 1208.6186 115.5316
2349.5024 1200.0000 115.1494
2346.0294 1150.0000 115.6007
2343.1642 1100.0000 115.4965
2344.9051 1050.0000 115.9775
2350.0000 1033.6214 115.1911
2359.3040 1000.0000 114.3068
2400.0000 956.9940 115.7537
2419.8358 950.0000 118.0919
             0
         10000
             0
         10000
      101.5107
             0
